# T_GeV  g_rho  g_s   (Table S2, lattice-QCD Standard Model g* for cosmology)
1.0000000000e-03 10.710000 10.685637
3.1622776602e-03 10.740000 10.736886
1.0000000000e-02 10.760000 10.754838
1.7782794100e-02 11.090000 11.034277
3.9810717055e-02 13.680000 13.390891
1.0000000000e-01 17.610000 17.210039
1.4125375446e-01 24.070000 22.831830
1.5848931925e-01 29.840000 27.738013
2.5118864315e-01 47.830000 45.072466
3.1622776602e-01 53.040000 50.663865
1.0000000000e+00 73.480000 72.196349
1.0000000000e+01 83.100000 82.997913
1.9952623150e+01 85.560000 85.228461
3.9810717055e+01 91.970000 91.161398
1.0000000000e+02 102.170000 101.409429
2.8183829313e+02 104.980000 104.955860
